x <- 5
y <- 10
x-y 

x+y^2
x+y^3